8192 samples at 1 GS/s, tone at 299.926758 MHz (bin 2457)

compute_spectrum side_bin=None: cycles, window -> side bins, ENOB
   101.00 rectangular       0  12.36293
   101.00 hann              1  12.36527
   101.00 hamming           1  12.36509
   101.00 blackmanharris    3  12.37030
   101.00 flattop           4  12.37570
   101.10 rectangular       1   2.85763
   101.10 hann             30  12.38682
   101.10 hamming           3   6.67056
   101.10 blackmanharris    9  12.37315
   101.10 flattop           8  12.34789
   101.37 rectangular       1   1.17559
   101.37 hann             43  12.40157
   101.37 hamming           3   5.10715
   101.37 blackmanharris   14  12.37463
   101.37 flattop           6  12.15048
   250.50 rectangular       1   0.99282
   250.50 hann             44  12.40559
   250.50 hamming           3   4.98293
   250.50 blackmanharris   14  12.38273
   250.50 flattop           9  12.12093

binary 12 bits, amplitude 0.49, dc +0, noise 200 uV, fault none
  activity %   50.0000 50.0000 50.0000 50.0366 49.9878 49.9756 49.9390 49.8901 49.9634 49.7681 49.3042 49.8901
  weight       1.020414944e+00 5.102016577e-01 2.551053087e-01 1.275569512e-01 6.377604500e-02 3.188791689e-02 1.593422652e-02 7.977832092e-03 3.992047647e-03 1.986584914e-03 9.922854528e-04 4.988805417e-04
  offset       1.020161470e+00  rank patch False
  radix        2.000023 1.999965 1.999933 2.000076 2.000007 2.001222 1.997313 1.998431 2.009503 2.002030 1.989024
  wgtsca 2.007026664e+03  effres 11.998169
  overflow lo  0.009766 0.000000 0.000000 0.000000 0.000000 0.000000 0.000000 0.000000 0.000000 0.000000 0.000000 0.000000
  overflow hi  0.990234 1.000000 1.000000 1.000000 1.000000 1.000000 1.000000 1.000000 1.000000 1.000000 1.000000 1.000000
  at 0 %       0.0000 0.0122 0.0366 0.1343 0.3540 0.7568 1.6602 3.0518 6.3599 12.6465 25.2808 50.1099
  at 1 %       0.0000 0.0122 0.0488 0.1465 0.2930 0.6836 1.5625 2.9541 6.3354 12.4146 24.4751 49.8901
  enob sweep   0.75638 1.92913 2.98475 4.02177 5.03678 5.97582 7.00055 7.97515 8.95026 9.88647 10.68621 11.19599
  side bins    1 1 1 1 1 1 1 1 1 1 1 1
  nominal weights: side bins 1, ENOB 10.69028

binary 12 bits, amplitude 0.499, dc +0.01, noise 0 uV, fault none
  activity %   50.3296 50.4028 50.5493 50.7935 51.1353 51.7212 52.6733 53.2715 53.2715 51.6479 50.9399 52.0630
  weight       1.002145534e+00 5.011651713e-01 2.506856165e-01 1.254728291e-01 6.288065064e-02 3.160195838e-02 1.597915326e-02 8.165591261e-03 4.258041609e-03 2.265343488e-03 1.284396044e-03 8.067906462e-04
  offset       1.013207440e+00  rank patch False
  radix        1.999631 1.999178 1.997928 1.995412 1.989771 1.977699 1.956889 1.917687 1.879645 1.763742 1.591982
  wgtsca 1.369062630e+03  effres 11.280931
  overflow lo  0.006191 0.000000 0.000000 0.000000 0.000000 0.000000 0.000000 0.000000 0.000000 0.000000 0.000000 0.000000
  overflow hi  1.000000 1.000000 1.000000 1.000000 1.000000 1.000000 1.000000 1.000000 1.000000 1.000000 1.000000 1.000000
  at 0 %       0.0000 0.0244 0.0488 0.1221 0.2686 0.5859 1.3672 2.9541 5.9082 12.4634 24.7681 47.9370
  at 1 %       4.1626 4.1626 4.2114 4.3091 4.5044 4.8706 5.5786 7.1655 10.0708 15.9058 27.7710 52.0630
  enob sweep   0.75614 1.91737 2.95115 3.95911 4.95374 5.91957 6.82273 7.68842 8.36647 8.78922 9.00009 9.09803
  side bins    1 1 1 1 1 1 1 1 1 1 1 1
  nominal weights: side bins 1, ENOB 8.97129

binary 12 bits, amplitude 0.499, dc -0.01, noise 0 uV, fault none
  activity %   49.6704 49.5972 49.4507 49.2065 48.8647 48.2788 47.3267 46.7285 46.7285 48.3521 49.0601 47.9370
  weight       1.002145534e+00 5.011651713e-01 2.506856165e-01 1.254728291e-01 6.288065064e-02 3.160195838e-02 1.597915326e-02 8.165591261e-03 4.258041609e-03 2.265343488e-03 1.284396044e-03 8.067906462e-04
  offset       9.935036364e-01  rank patch False
  radix        1.999631 1.999178 1.997928 1.995412 1.989771 1.977699 1.956889 1.917687 1.879645 1.763742 1.591982
  wgtsca 1.369062630e+03  effres 11.280931
  overflow lo  0.000000 0.000000 0.000000 0.000000 0.000000 0.000000 0.000000 0.000000 0.000000 0.000000 0.000000 0.000000
  overflow hi  0.993809 1.000000 1.000000 1.000000 1.000000 1.000000 1.000000 1.000000 1.000000 1.000000 1.000000 1.000000
  at 0 %       4.1626 4.1626 4.2114 4.3091 4.5044 4.8706 5.5786 7.1655 10.0708 15.9058 27.7710 52.0630
  at 1 %       0.0000 0.0244 0.0488 0.1221 0.2686 0.5859 1.3672 2.9541 5.9082 12.4634 24.7681 47.9370
  enob sweep   0.75614 1.91737 2.95115 3.95911 4.95374 5.91957 6.82273 7.68842 8.36647 8.78922 9.00009 9.09803
  side bins    1 1 1 1 1 1 1 1 1 1 1 1
  nominal weights: side bins 1, ENOB 8.97129

binary 12 bits, amplitude 0.499, dc +0, noise 0 uV, fault contact
  activity %   49.9878 50.0122 50.0122 50.0122 50.0122 50.0122 50.0122 50.0122 50.0122 50.0122 44.8853 50.0122
  weight       1.002001302e+00 5.010150700e-01 2.505177588e-01 1.252522739e-01 6.262364314e-02 3.130859109e-02 1.565914573e-02 7.836408157e-03 3.907436343e-03 1.950553516e-03 8.944257557e-04 4.847859916e-04
  offset       1.001679773e+00  rank patch False
  radix        1.999942 1.999918 2.000105 2.000080 2.000206 1.999381 1.998256 2.005511 2.003245 2.180789 1.844991
  wgtsca 2.043909520e+03  effres 12.013201
  overflow lo  0.000974 0.000484 0.000000 0.000000 0.000000 0.000000 0.000000 0.000000 0.000000 0.000000 0.000000 0.000000
  overflow hi  0.999026 1.000000 1.000000 1.000000 1.000000 1.000000 1.000000 1.000000 1.000000 1.000000 1.000000 1.000000
  at 0 %       0.0000 0.0000 0.0244 0.1099 0.2930 0.7324 1.6113 3.2715 6.7383 13.6353 27.7710 49.9878
  at 1 %       0.0000 0.0244 0.0488 0.1099 0.2808 0.6348 1.3306 2.7344 5.5176 11.0474 22.6685 50.0122
  enob sweep   0.75638 1.91818 2.95361 3.96665 4.97858 5.99309 7.00871 8.01817 9.00839 9.99308 10.69720 11.18569
  side bins    1 1 1 1 1 1 1 1 1 1 1 1
  nominal weights: side bins 1, ENOB 10.68528

binary 12 bits, amplitude 0.499, dc +0, noise 200 uV, fault lsb
  activity %   50.0000 49.9878 50.0244 49.9878 49.9268 50.0244 50.1953 50.1953 50.2197 50.1099 49.6460 49.1577
  weight       1.001998449e+00 5.010098939e-01 2.505044774e-01 1.252594915e-01 6.263027850e-02 3.133030540e-02 1.566108502e-02 7.825266035e-03 3.910972343e-03 1.947999120e-03 9.857006339e-04 7.396966148e-06
  offset       1.001535198e+00  rank patch False
  radix        1.999957 2.000004 1.999884 1.999983 1.999032 2.000519 2.001349 2.000849 2.007687 1.976258 133.257421
  wgtsca 1.021957670e+03  effres 10.989481
  overflow lo  0.000492 0.000000 0.000000 0.000000 0.000000 0.000000 0.000000 0.000000 0.000000 0.000000 0.000000 0.000000
  overflow hi  0.999508 1.000000 1.000000 1.000000 1.000000 1.000000 1.000000 1.000000 1.000000 1.000000 1.000000 1.000000
  at 0 %       0.0000 0.0244 0.0366 0.0977 0.2441 0.4639 1.0986 2.8076 6.0669 12.7319 26.0620 50.8423
  at 1 %       0.0000 0.0122 0.0366 0.1343 0.3662 0.6958 1.4160 2.9663 5.9326 12.3291 24.8657 49.1577
  enob sweep   0.75638 1.91779 2.95315 3.96604 4.97788 5.99281 7.00710 8.01226 8.98249 9.90532 10.69896 10.69894
  side bins    1 1 1 1 1 1 1 1 1 1 1 1
  nominal weights: side bins 1, ENOB 9.91409

binary 12 bits, amplitude 0.55, dc +0, noise 200 uV, fault none
  activity %   50.0000 50.0000 50.0122 49.9878 49.9756 49.9634 50.0366 50.0732 50.0244 49.9390 49.9146 50.2930
  weight       9.149649278e-01 4.609262092e-01 2.345126445e-01 1.211622357e-01 6.491613594e-02 3.734445527e-02 2.271506216e-02 1.594948965e-02 1.262039711e-02 1.068827697e-02 9.927776233e-03 9.599325365e-03
  offset       9.576839777e-01  rank patch False
  radix        1.985057 1.965464 1.935526 1.866443 1.738307 1.644039 1.424187 1.263787 1.180770 1.076603 1.034216
  wgtsca 8.087741699e+01  effres 7.647654
  overflow lo  0.000000 0.000000 0.000000 0.000000 0.000000 0.000000 0.000000 0.000000 0.000000 0.000000 0.000000 0.000000
  overflow hi  1.000000 1.000000 1.000000 1.000000 1.000000 1.000000 1.000000 1.000000 1.000000 1.000000 1.000000 1.000000
  at 0 %       13.7085 13.7207 13.7695 13.8428 14.0259 14.2822 14.7949 15.8325 18.2007 22.6562 31.5308 49.7070
  at 1 %       13.7085 13.7207 13.7573 13.8184 13.9648 14.2822 14.8315 15.8325 18.1152 22.6562 31.7383 50.2930
  enob sweep   0.75638 1.84319 2.72224 3.43981 3.96398 4.30391 4.50490 4.62902 4.71280 4.77367 4.81798 4.85225
  side bins    1 1 1 1 1 1 1 1 1 1 1 1
  nominal weights: side bins 1, ENOB 4.42831

redundant 13 bits, amplitude 0.49, dc +0, noise 200 uV, fault none
  activity %   50.0000 50.0000 50.0000 50.0244 49.9634 49.9634 50.0000 50.1343 49.7437 50.1465 50.1953 49.3774 50.8667
  weight       9.070303992e-01 4.535170066e-01 2.267570015e-01 2.267623880e-01 1.133827451e-01 5.668483743e-02 2.834051583e-02 1.417105360e-02 7.078523137e-03 3.543208332e-03 1.770274543e-03 8.836142176e-04 4.417884122e-04
  offset       1.020182618e+00  rank patch False
  radix        1.999992 2.000013 0.999976 1.999973 2.000231 2.000134 1.999888 2.001979 1.997772 2.001502 2.003447 2.000085
  wgtsca 2.257917708e+03  effres 12.173495
  overflow lo  0.009766 0.017582 0.029311 0.043982 0.000000 0.000000 0.000000 0.000000 0.000000 0.000000 0.000000 0.000000 0.000000
  overflow hi  0.990234 0.982418 0.970689 0.956018 1.000000 1.000000 1.000000 1.000000 1.000000 1.000000 1.000000 1.000000 1.000000
  at 0 %       0.0000 0.0000 0.0000 0.0000 0.1709 0.3174 0.6592 1.5625 3.1250 6.5552 12.4634 24.5239 49.1333
  at 1 %       0.0000 0.0000 0.0000 0.0000 0.1099 0.3052 0.6592 1.5015 2.8931 6.7383 12.6953 24.7681 50.8667
  enob sweep   0.75638 1.83846 2.70440 3.16159 4.19650 5.20359 6.12605 7.16688 8.10806 9.10328 10.03800 10.78601 11.22088
  side bins    1 1 1 1 1 1 1 1 1 1 1 1 1
  nominal weights: side bins 1, ENOB 10.77917

subradix 14 bits, amplitude 0.49, dc +0, noise 200 uV, fault none
  activity %   50.0000 50.0000 50.0122 49.9756 50.0488 49.8657 50.0610 49.9390 50.2441 49.9756 49.5972 50.2441 50.5859 50.1221
  weight       9.080812678e-01 5.043120692e-01 2.804359813e-01 1.555361620e-01 8.640867164e-02 4.791976693e-02 2.670175410e-02 1.414166242e-02 7.850581517e-03 3.931195313e-03 2.347048988e-03 1.575118194e-03 7.902371706e-04 4.023263289e-04
  offset       1.020216413e+00  rank patch False
  radix        1.800634 1.798314 1.803028 1.800006 1.803195 1.794630 1.888162 1.801352 1.996996 1.674952 1.490078 1.993222 1.964170
  wgtsca 2.546027632e+03  effres 12.308507
  overflow lo  0.009629 0.017351 0.031285 0.056524 0.096144 0.093016 0.088739 0.076208 0.093222 0.087358 0.154502 0.145366 0.000000 0.000000
  overflow hi  0.990371 0.982649 0.968715 0.943476 0.903856 0.906984 0.911261 0.923792 0.906778 0.912642 0.845498 0.854634 1.000000 1.000000
  at 0 %       0.0000 0.0000 0.0000 0.0000 0.0000 0.0000 0.0000 0.0000 0.0000 0.0000 0.0000 0.0000 18.5669 49.8779
  at 1 %       0.0000 0.0000 0.0000 0.0000 0.0000 0.0000 0.0000 0.0000 0.0000 0.0000 0.0000 0.0000 19.2749 50.1221
  enob sweep   0.75638 1.85343 2.80928 3.72684 4.66342 5.56033 6.34132 7.28049 8.10980 9.05506 9.77637 10.28445 10.87072 11.27758
  side bins    1 1 1 1 1 1 1 1 1 1 1 1 1 1
  nominal weights: side bins 1, ENOB 10.90183

subradix 14 bits, amplitude 0.52, dc +0.005, noise 500 uV, fault contact
  activity %   50.1587 50.1709 50.1953 50.3784 50.3296 50.3540 50.5737 50.5493 50.4883 49.9634 51.0864 50.2808 45.1660 51.2329
  weight       8.559013291e-01 4.755704189e-01 2.651001342e-01 1.479186684e-01 8.358939628e-02 4.805826807e-02 2.903759066e-02 1.742422031e-02 1.201360613e-02 7.586413622e-03 6.904550816e-03 8.312277574e-03 6.333798111e-03 3.907636769e-03
  offset       9.876818405e-01  rank patch False
  radix        1.799736 1.793927 1.792202 1.769587 1.739334 1.655036 1.666507 1.450374 1.583569 1.098756 0.830645 1.312369 1.620877
  wgtsca 2.757327182e+02  effres 8.978830
  overflow lo  0.000000 0.000000 0.000000 0.000000 0.000000 0.000000 0.000000 0.000000 0.000000 0.000000 0.000000 0.000000 0.000000 0.000000
  overflow hi  1.000000 1.000000 1.000000 1.000000 1.000000 1.000000 1.000000 1.000000 1.000000 1.000000 1.000000 1.000000 1.000000 1.000000
  at 0 %       8.3740 8.3740 8.3740 8.3740 8.3740 8.3740 8.3740 8.3740 8.3740 8.5938 8.9478 9.9243 26.3794 48.7671
  at 1 %       8.5205 8.5205 8.5205 8.5205 8.5205 8.5205 8.5205 8.5205 8.5205 8.5205 8.5205 8.5205 22.7783 51.2329
  enob sweep   0.75632 1.80415 2.67067 3.44335 4.15672 4.76543 5.25618 5.62447 5.88391 6.06759 6.18420 6.27650 6.39799 6.45386
  side bins    1 1 1 1 1 1 1 1 1 1 1 1 1 1
  nominal weights: side bins 1, ENOB 5.82285

exp_d13 binary: radix 2.000000 2.000000 2.000000 2.000000 2.000000 2.000000 2.000000 2.000000 2.000000 2.000000 2.000000 | wgtsca 2.000000000e+00 effres 12.000000
exp_d13 redundant: radix 2.000000 2.000000 1.000000 2.000000 2.000000 2.000000 2.000000 2.000000 2.000000 2.000000 2.000000 2.000000 | wgtsca 2.000000000e+00 effres 12.169925
exp_d13 subradix: radix 1.800623 1.798319 1.803030 1.800000 1.803279 1.794118 1.888889 1.800000 2.000000 1.666667 1.500000 2.000000 2.000000 | wgtsca 2.000000000e+00 effres 12.343186
trimmed: radix 1.969231 2.047244 1.984375 1.939394 2.129032 1.937500 1.951220 2.050000 2.000000 5.000000 | wgtsca 9.687500000e-01 effres 10.005063
